{
 "cells": [
  {
   "cell_type": "code",
   "execution_count": 1,
   "id": "4591e825",
   "metadata": {},
   "outputs": [],
   "source": [
    "import numpy as np\n",
    "import os\n",
    "import datetime \n",
    "\n",
    "# Tao\n",
    "from pytao import Tao\n",
    "\n",
    "#BO\n",
    "from bayes_opt import BayesianOptimization\n",
    "\n",
    "# openPMD-beamphysics\n",
    "from pmd_beamphysics import ParticleGroup\n",
    "from pmd_beamphysics.statistics import twiss_match, matched_particles\n",
    "from pmd_beamphysics.statistics import slice_statistics, twiss_dispersion_calc\n",
    "from pmd_beamphysics.plot import slice_plot, marginal_plot, density_and_slice_plot\n",
    "from h5py import File\n",
    "\n",
    "# FEL parametrization\n",
    "from fel_mx_model import resonantLambda, rhoFEL, gainLength1D, getLambdaMX, gainLength,\\\n",
    "                         Pbeam, Psat, Pz, shot_noise\n",
    "\n",
    "# LCLS and physics params\n",
    "from constants import m_e, e, c, hc, markers, z, K_u, lambda_u, I_A\n",
    "\n",
    "# nicer plotting\n",
    "import matplotlib\n",
    "import matplotlib.pyplot as plt\n",
    "%matplotlib inline\n",
    "%config InlineBackend.figure_format = 'retina'\n",
    "matplotlib.rcParams['figure.figsize'] = (8,4)\n",
    "plt.rcParams.update({'font.size': 14})\n",
    "\n",
    "# useful for debugging\n",
    "%load_ext autoreload\n",
    "%autoreload 2"
   ]
  },
  {
   "cell_type": "markdown",
   "id": "ea9d1d92-9b0d-422e-9ebd-282b278a291d",
   "metadata": {},
   "source": [
    "# Run Tao and get beam data"
   ]
  },
  {
   "cell_type": "code",
   "execution_count": 2,
   "id": "b0d1a35f-5fd1-4ca9-89c5-22bf97227b49",
   "metadata": {},
   "outputs": [],
   "source": [
    "init = '-init ./tao.init -noplot'\n",
    "# Make tao instance\n",
    "tao=Tao(init)   "
   ]
  },
  {
   "cell_type": "code",
   "execution_count": 3,
   "id": "6d5a185a-a528-4166-9266-2f33fdf46788",
   "metadata": {},
   "outputs": [],
   "source": [
    "# Turn on beam, set number of particles, and insert collimator in BC1"
   ]
  },
  {
   "cell_type": "code",
   "execution_count": 25,
   "id": "771cabef-a601-46de-809b-792ed2bce011",
   "metadata": {
    "tags": []
   },
   "outputs": [
    {
     "name": "stdout",
     "output_type": "stream",
     "text": [
      "-------------------------\n",
      "Tao> snparticle 1500\n"
     ]
    },
    {
     "ename": "RuntimeError",
     "evalue": "Command: snparticle 1500 causes error: ERROR detected: [ERROR | 2021-AUG-24 18:12:51] calc_emittances_and_twiss_from_sigma_matrix:\n    CANNOT NORMALIZE EIGENVECTORS.\n[WARNING] tao_beam_track:\n    Beam parameters not computed at: K23_7D  (596)\n    [This will happen with round beams. Ignore this problem if the beam parameters at problem locations are not needed.]\n    The singular sigma matrix is:\n        1.4073176E-09  4.7032403E-11 -3.2466779E-11 -1.2750128E-12  9.4492493E-11 -3.2266159E-09\n        4.7032403E-11  3.2972547E-12  8.0531790E-14 -9.4914828E-14  8.9211155E-12 -2.9894079E-10\n       -3.2466779E-11  8.0531790E-14  5.5908159E-10 -4.4037761E-13  5.2233493E-12 -1.5511270E-10\n       -1.2750128E-12 -9.4914828E-14 -4.4037761E-13  4.2668450E-12  3.0874283E-13 -8.6165618E-12\n        9.4492493E-11  8.9211155E-12  5.2233493E-12  3.0874283E-13  3.6117304E-09 -1.1905744E-07\n       -3.2266159E-09 -2.9894079E-10 -1.5511270E-10 -8.6165618E-12 -1.1905744E-07  3.9255413E-06\n    Will not print any more singular sigma matrices for this track...\nTotal number of lost particles by the end of universe  1:   561.",
     "output_type": "error",
     "traceback": [
      "\u001b[0;31m---------------------------------------------------------------------------\u001b[0m",
      "\u001b[0;31mRuntimeError\u001b[0m                              Traceback (most recent call last)",
      "\u001b[0;32m<ipython-input-25-65e20e382940>\u001b[0m in \u001b[0;36m<module>\u001b[0;34m\u001b[0m\n\u001b[0;32m----> 1\u001b[0;31m \u001b[0mget_ipython\u001b[0m\u001b[0;34m(\u001b[0m\u001b[0;34m)\u001b[0m\u001b[0;34m.\u001b[0m\u001b[0mrun_cell_magic\u001b[0m\u001b[0;34m(\u001b[0m\u001b[0;34m'tao'\u001b[0m\u001b[0;34m,\u001b[0m \u001b[0;34m''\u001b[0m\u001b[0;34m,\u001b[0m \u001b[0;34m'snparticle 1500\\nbeamon\\n'\u001b[0m\u001b[0;34m)\u001b[0m\u001b[0;34m\u001b[0m\u001b[0;34m\u001b[0m\u001b[0m\n\u001b[0m",
      "\u001b[0;32m~/sw/conda/envs/felsim/lib/python3.7/site-packages/IPython/core/interactiveshell.py\u001b[0m in \u001b[0;36mrun_cell_magic\u001b[0;34m(self, magic_name, line, cell)\u001b[0m\n\u001b[1;32m   2401\u001b[0m             \u001b[0;32mwith\u001b[0m \u001b[0mself\u001b[0m\u001b[0;34m.\u001b[0m\u001b[0mbuiltin_trap\u001b[0m\u001b[0;34m:\u001b[0m\u001b[0;34m\u001b[0m\u001b[0;34m\u001b[0m\u001b[0m\n\u001b[1;32m   2402\u001b[0m                 \u001b[0margs\u001b[0m \u001b[0;34m=\u001b[0m \u001b[0;34m(\u001b[0m\u001b[0mmagic_arg_s\u001b[0m\u001b[0;34m,\u001b[0m \u001b[0mcell\u001b[0m\u001b[0;34m)\u001b[0m\u001b[0;34m\u001b[0m\u001b[0;34m\u001b[0m\u001b[0m\n\u001b[0;32m-> 2403\u001b[0;31m                 \u001b[0mresult\u001b[0m \u001b[0;34m=\u001b[0m \u001b[0mfn\u001b[0m\u001b[0;34m(\u001b[0m\u001b[0;34m*\u001b[0m\u001b[0margs\u001b[0m\u001b[0;34m,\u001b[0m \u001b[0;34m**\u001b[0m\u001b[0mkwargs\u001b[0m\u001b[0;34m)\u001b[0m\u001b[0;34m\u001b[0m\u001b[0;34m\u001b[0m\u001b[0m\n\u001b[0m\u001b[1;32m   2404\u001b[0m             \u001b[0;32mreturn\u001b[0m \u001b[0mresult\u001b[0m\u001b[0;34m\u001b[0m\u001b[0;34m\u001b[0m\u001b[0m\n\u001b[1;32m   2405\u001b[0m \u001b[0;34m\u001b[0m\u001b[0m\n",
      "\u001b[0;32m~/sw/conda/envs/felsim/lib/python3.7/site-packages/pytao/tao_ctypes/core.py\u001b[0m in \u001b[0;36mtao\u001b[0;34m(line, cell)\u001b[0m\n\u001b[1;32m    280\u001b[0m               \u001b[0mprint\u001b[0m\u001b[0;34m(\u001b[0m\u001b[0;34m'-------------------------'\u001b[0m\u001b[0;34m)\u001b[0m\u001b[0;34m\u001b[0m\u001b[0;34m\u001b[0m\u001b[0m\n\u001b[1;32m    281\u001b[0m               \u001b[0mprint\u001b[0m\u001b[0;34m(\u001b[0m\u001b[0;34m'Tao> '\u001b[0m\u001b[0;34m+\u001b[0m\u001b[0mc\u001b[0m\u001b[0;34m)\u001b[0m\u001b[0;34m\u001b[0m\u001b[0;34m\u001b[0m\u001b[0m\n\u001b[0;32m--> 282\u001b[0;31m               \u001b[0mres\u001b[0m \u001b[0;34m=\u001b[0m \u001b[0mself\u001b[0m\u001b[0;34m.\u001b[0m\u001b[0mcmd\u001b[0m\u001b[0;34m(\u001b[0m\u001b[0mc\u001b[0m\u001b[0;34m)\u001b[0m\u001b[0;34m\u001b[0m\u001b[0;34m\u001b[0m\u001b[0m\n\u001b[0m\u001b[1;32m    283\u001b[0m               \u001b[0;32mfor\u001b[0m \u001b[0ml\u001b[0m \u001b[0;32min\u001b[0m \u001b[0mres\u001b[0m\u001b[0;34m:\u001b[0m\u001b[0;34m\u001b[0m\u001b[0;34m\u001b[0m\u001b[0m\n\u001b[1;32m    284\u001b[0m                    \u001b[0mprint\u001b[0m\u001b[0;34m(\u001b[0m\u001b[0ml\u001b[0m\u001b[0;34m)\u001b[0m\u001b[0;34m\u001b[0m\u001b[0;34m\u001b[0m\u001b[0m\n",
      "\u001b[0;32m~/sw/conda/envs/felsim/lib/python3.7/site-packages/pytao/tao_ctypes/core.py\u001b[0m in \u001b[0;36mcmd\u001b[0;34m(self, cmd, raises)\u001b[0m\n\u001b[1;32m    146\u001b[0m         \u001b[0merr\u001b[0m \u001b[0;34m=\u001b[0m \u001b[0merror_in_lines\u001b[0m\u001b[0;34m(\u001b[0m\u001b[0mlines\u001b[0m\u001b[0;34m)\u001b[0m\u001b[0;34m\u001b[0m\u001b[0;34m\u001b[0m\u001b[0m\n\u001b[1;32m    147\u001b[0m         \u001b[0;32mif\u001b[0m \u001b[0merr\u001b[0m\u001b[0;34m:\u001b[0m\u001b[0;34m\u001b[0m\u001b[0;34m\u001b[0m\u001b[0m\n\u001b[0;32m--> 148\u001b[0;31m             \u001b[0;32mraise\u001b[0m \u001b[0mRuntimeError\u001b[0m\u001b[0;34m(\u001b[0m\u001b[0;34mf'Command: {cmd} causes error: {err}'\u001b[0m\u001b[0;34m)\u001b[0m\u001b[0;34m\u001b[0m\u001b[0;34m\u001b[0m\u001b[0m\n\u001b[0m\u001b[1;32m    149\u001b[0m \u001b[0;34m\u001b[0m\u001b[0m\n\u001b[1;32m    150\u001b[0m         \u001b[0;32mreturn\u001b[0m \u001b[0mlines\u001b[0m\u001b[0;34m\u001b[0m\u001b[0;34m\u001b[0m\u001b[0m\n",
      "\u001b[0;31mRuntimeError\u001b[0m: Command: snparticle 1500 causes error: ERROR detected: [ERROR | 2021-AUG-24 18:12:51] calc_emittances_and_twiss_from_sigma_matrix:\n    CANNOT NORMALIZE EIGENVECTORS.\n[WARNING] tao_beam_track:\n    Beam parameters not computed at: K23_7D  (596)\n    [This will happen with round beams. Ignore this problem if the beam parameters at problem locations are not needed.]\n    The singular sigma matrix is:\n        1.4073176E-09  4.7032403E-11 -3.2466779E-11 -1.2750128E-12  9.4492493E-11 -3.2266159E-09\n        4.7032403E-11  3.2972547E-12  8.0531790E-14 -9.4914828E-14  8.9211155E-12 -2.9894079E-10\n       -3.2466779E-11  8.0531790E-14  5.5908159E-10 -4.4037761E-13  5.2233493E-12 -1.5511270E-10\n       -1.2750128E-12 -9.4914828E-14 -4.4037761E-13  4.2668450E-12  3.0874283E-13 -8.6165618E-12\n        9.4492493E-11  8.9211155E-12  5.2233493E-12  3.0874283E-13  3.6117304E-09 -1.1905744E-07\n       -3.2266159E-09 -2.9894079E-10 -1.5511270E-10 -8.6165618E-12 -1.1905744E-07  3.9255413E-06\n    Will not print any more singular sigma matrices for this track...\nTotal number of lost particles by the end of universe  1:   561."
     ]
    }
   ],
   "source": [
    "%%tao\n",
    "snparticle 1500\n",
    "beamon\n"
   ]
  },
  {
   "cell_type": "code",
   "execution_count": 4,
   "id": "58da4b4a-b41d-4d5f-80c2-aa137b36a1b5",
   "metadata": {},
   "outputs": [],
   "source": [
    "def setLinac(l1_phase, l1x_phase, l2_phase):\n",
    "    # start with L1, L1X and L2 phases\n",
    "    tao.cmd(f'set ele O_L1 phase_deg={l1_phase}')\n",
    "    tao.cmd(f'set ele K21_2 phase_deg={l1x_phase}')\n",
    "    tao.cmd(f'set ele O_L2 phase_deg={l2_phase}')"
   ]
  },
  {
   "cell_type": "code",
   "execution_count": 6,
   "id": "2b6a2134-caab-49cf-b0b3-72a8f409eb14",
   "metadata": {},
   "outputs": [
    {
     "data": {
      "text/plain": [
       "(-21.5, -160.0, -33.5)"
      ]
     },
     "execution_count": 6,
     "metadata": {},
     "output_type": "execute_result"
    }
   ],
   "source": [
    "# updates: only use collimator in BC1 (talked to William)\n",
    "#-21.5, -160.0, -33.5\n",
    "#set ele CE11 x2_limit = 0.000002; set ele CE11 x1_limit = 0.1;"
   ]
  },
  {
   "cell_type": "code",
   "execution_count": 20,
   "id": "1a984347-6026-466b-bd80-375de41158c7",
   "metadata": {},
   "outputs": [
    {
     "name": "stdout",
     "output_type": "stream",
     "text": [
      "-------------------------\n",
      "Tao> set ele CE11 x2_limit = 0.0035; set ele CE11 x1_limit = 0.0015;\n"
     ]
    },
    {
     "ename": "RuntimeError",
     "evalue": "Command: set ele CE11 x2_limit = 0.0035; set ele CE11 x1_limit = 0.0015; causes error: ERROR detected: [ERROR | 2021-AUG-24 18:11:13] calc_emittances_and_twiss_from_sigma_matrix:\n    CANNOT NORMALIZE EIGENVECTORS.\n[WARNING] tao_beam_track:\n    Beam parameters not computed at: K22_2A#3  (421)\n    [This will happen with round beams. Ignore this problem if the beam parameters at problem locations are not needed.]\n    The singular sigma matrix is:\n        5.4754443E-09 -2.9038346E-10  7.1957915E-13 -3.0321821E-12 -8.1416669E-11  3.0742077E-09\n       -2.9038346E-10  1.8679892E-11  1.0740474E-12  1.0278411E-13  1.2283936E-11 -4.8526953E-10\n        7.1957915E-13  1.0740474E-12  1.2993464E-09  3.7184209E-11 -3.3990601E-11  1.3709834E-09\n       -3.0321821E-12  1.0278411E-13  3.7184209E-11  1.4251534E-11  2.1998057E-12 -8.6358955E-11\n       -8.1416669E-11  1.2283936E-11 -3.3990601E-11  2.1998057E-12  3.4636833E-09 -1.3615497E-07\n        3.0742077E-09 -4.8526953E-10  1.3709834E-09 -8.6358955E-11 -1.3615497E-07  5.3574149E-06\n    Will not print any more singular sigma matrices for this track...\nTotal number of lost particles by the end of universe  1:  2246.\n\nTao: set ele CE11 x1_limit = 0.0015\n2246 particle(s) lost at element 262: CE11  Total lost: 2246  of 6000\n[ERROR | 2021-AUG-24 18:11:28] calc_emittances_and_twiss_from_sigma_matrix:\n    CANNOT NORMALIZE EIGENVECTORS.\n[WARNING] tao_beam_track:\n    Beam parameters not computed at: K22_2A#3  (421)\n    [This will happen with round beams. Ignore this problem if the beam parameters at problem locations are not needed.]\n    The singular sigma matrix is:\n        5.4754829E-09 -2.9038668E-10  7.2558118E-13 -3.0310480E-12 -8.1385010E-11  3.0730682E-09\n       -2.9038668E-10  1.8680104E-11  1.0736248E-12  1.0274969E-13  1.2282885E-11 -4.8523098E-10\n        7.2558118E-13  1.0736248E-12  1.2993463E-09  3.7184209E-11 -3.3990075E-11  1.3710300E-09\n       -3.0310480E-12  1.0274969E-13  3.7184209E-11  1.4251535E-11  2.1997919E-12 -8.6361006E-11\n       -8.1385010E-11  1.2282885E-11 -3.3990075E-11  2.1997919E-12  3.4636854E-09 -1.3615504E-07\n        3.0730682E-09 -4.8523098E-10  1.3710300E-09 -8.6361006E-11 -1.3615504E-07  5.3574168E-06\n    Will not print any more singular sigma matrices for this track...\nTotal number of lost particles by the end of universe  1:  2246.",
     "output_type": "error",
     "traceback": [
      "\u001b[0;31m---------------------------------------------------------------------------\u001b[0m",
      "\u001b[0;31mRuntimeError\u001b[0m                              Traceback (most recent call last)",
      "\u001b[0;32m<ipython-input-20-a766aa65425f>\u001b[0m in \u001b[0;36m<module>\u001b[0;34m\u001b[0m\n\u001b[0;32m----> 1\u001b[0;31m \u001b[0mget_ipython\u001b[0m\u001b[0;34m(\u001b[0m\u001b[0;34m)\u001b[0m\u001b[0;34m.\u001b[0m\u001b[0mrun_cell_magic\u001b[0m\u001b[0;34m(\u001b[0m\u001b[0;34m'tao'\u001b[0m\u001b[0;34m,\u001b[0m \u001b[0;34m''\u001b[0m\u001b[0;34m,\u001b[0m \u001b[0;34m'set ele CE11 x2_limit = 0.0035; set ele CE11 x1_limit = 0.0015;\\n'\u001b[0m\u001b[0;34m)\u001b[0m\u001b[0;34m\u001b[0m\u001b[0;34m\u001b[0m\u001b[0m\n\u001b[0m",
      "\u001b[0;32m~/sw/conda/envs/felsim/lib/python3.7/site-packages/IPython/core/interactiveshell.py\u001b[0m in \u001b[0;36mrun_cell_magic\u001b[0;34m(self, magic_name, line, cell)\u001b[0m\n\u001b[1;32m   2401\u001b[0m             \u001b[0;32mwith\u001b[0m \u001b[0mself\u001b[0m\u001b[0;34m.\u001b[0m\u001b[0mbuiltin_trap\u001b[0m\u001b[0;34m:\u001b[0m\u001b[0;34m\u001b[0m\u001b[0;34m\u001b[0m\u001b[0m\n\u001b[1;32m   2402\u001b[0m                 \u001b[0margs\u001b[0m \u001b[0;34m=\u001b[0m \u001b[0;34m(\u001b[0m\u001b[0mmagic_arg_s\u001b[0m\u001b[0;34m,\u001b[0m \u001b[0mcell\u001b[0m\u001b[0;34m)\u001b[0m\u001b[0;34m\u001b[0m\u001b[0;34m\u001b[0m\u001b[0m\n\u001b[0;32m-> 2403\u001b[0;31m                 \u001b[0mresult\u001b[0m \u001b[0;34m=\u001b[0m \u001b[0mfn\u001b[0m\u001b[0;34m(\u001b[0m\u001b[0;34m*\u001b[0m\u001b[0margs\u001b[0m\u001b[0;34m,\u001b[0m \u001b[0;34m**\u001b[0m\u001b[0mkwargs\u001b[0m\u001b[0;34m)\u001b[0m\u001b[0;34m\u001b[0m\u001b[0;34m\u001b[0m\u001b[0m\n\u001b[0m\u001b[1;32m   2404\u001b[0m             \u001b[0;32mreturn\u001b[0m \u001b[0mresult\u001b[0m\u001b[0;34m\u001b[0m\u001b[0;34m\u001b[0m\u001b[0m\n\u001b[1;32m   2405\u001b[0m \u001b[0;34m\u001b[0m\u001b[0m\n",
      "\u001b[0;32m~/sw/conda/envs/felsim/lib/python3.7/site-packages/pytao/tao_ctypes/core.py\u001b[0m in \u001b[0;36mtao\u001b[0;34m(line, cell)\u001b[0m\n\u001b[1;32m    280\u001b[0m               \u001b[0mprint\u001b[0m\u001b[0;34m(\u001b[0m\u001b[0;34m'-------------------------'\u001b[0m\u001b[0;34m)\u001b[0m\u001b[0;34m\u001b[0m\u001b[0;34m\u001b[0m\u001b[0m\n\u001b[1;32m    281\u001b[0m               \u001b[0mprint\u001b[0m\u001b[0;34m(\u001b[0m\u001b[0;34m'Tao> '\u001b[0m\u001b[0;34m+\u001b[0m\u001b[0mc\u001b[0m\u001b[0;34m)\u001b[0m\u001b[0;34m\u001b[0m\u001b[0;34m\u001b[0m\u001b[0m\n\u001b[0;32m--> 282\u001b[0;31m               \u001b[0mres\u001b[0m \u001b[0;34m=\u001b[0m \u001b[0mself\u001b[0m\u001b[0;34m.\u001b[0m\u001b[0mcmd\u001b[0m\u001b[0;34m(\u001b[0m\u001b[0mc\u001b[0m\u001b[0;34m)\u001b[0m\u001b[0;34m\u001b[0m\u001b[0;34m\u001b[0m\u001b[0m\n\u001b[0m\u001b[1;32m    283\u001b[0m               \u001b[0;32mfor\u001b[0m \u001b[0ml\u001b[0m \u001b[0;32min\u001b[0m \u001b[0mres\u001b[0m\u001b[0;34m:\u001b[0m\u001b[0;34m\u001b[0m\u001b[0;34m\u001b[0m\u001b[0m\n\u001b[1;32m    284\u001b[0m                    \u001b[0mprint\u001b[0m\u001b[0;34m(\u001b[0m\u001b[0ml\u001b[0m\u001b[0;34m)\u001b[0m\u001b[0;34m\u001b[0m\u001b[0;34m\u001b[0m\u001b[0m\n",
      "\u001b[0;32m~/sw/conda/envs/felsim/lib/python3.7/site-packages/pytao/tao_ctypes/core.py\u001b[0m in \u001b[0;36mcmd\u001b[0;34m(self, cmd, raises)\u001b[0m\n\u001b[1;32m    146\u001b[0m         \u001b[0merr\u001b[0m \u001b[0;34m=\u001b[0m \u001b[0merror_in_lines\u001b[0m\u001b[0;34m(\u001b[0m\u001b[0mlines\u001b[0m\u001b[0;34m)\u001b[0m\u001b[0;34m\u001b[0m\u001b[0;34m\u001b[0m\u001b[0m\n\u001b[1;32m    147\u001b[0m         \u001b[0;32mif\u001b[0m \u001b[0merr\u001b[0m\u001b[0;34m:\u001b[0m\u001b[0;34m\u001b[0m\u001b[0;34m\u001b[0m\u001b[0m\n\u001b[0;32m--> 148\u001b[0;31m             \u001b[0;32mraise\u001b[0m \u001b[0mRuntimeError\u001b[0m\u001b[0;34m(\u001b[0m\u001b[0;34mf'Command: {cmd} causes error: {err}'\u001b[0m\u001b[0;34m)\u001b[0m\u001b[0;34m\u001b[0m\u001b[0;34m\u001b[0m\u001b[0m\n\u001b[0m\u001b[1;32m    149\u001b[0m \u001b[0;34m\u001b[0m\u001b[0m\n\u001b[1;32m    150\u001b[0m         \u001b[0;32mreturn\u001b[0m \u001b[0mlines\u001b[0m\u001b[0;34m\u001b[0m\u001b[0;34m\u001b[0m\u001b[0m\n",
      "\u001b[0;31mRuntimeError\u001b[0m: Command: set ele CE11 x2_limit = 0.0035; set ele CE11 x1_limit = 0.0015; causes error: ERROR detected: [ERROR | 2021-AUG-24 18:11:13] calc_emittances_and_twiss_from_sigma_matrix:\n    CANNOT NORMALIZE EIGENVECTORS.\n[WARNING] tao_beam_track:\n    Beam parameters not computed at: K22_2A#3  (421)\n    [This will happen with round beams. Ignore this problem if the beam parameters at problem locations are not needed.]\n    The singular sigma matrix is:\n        5.4754443E-09 -2.9038346E-10  7.1957915E-13 -3.0321821E-12 -8.1416669E-11  3.0742077E-09\n       -2.9038346E-10  1.8679892E-11  1.0740474E-12  1.0278411E-13  1.2283936E-11 -4.8526953E-10\n        7.1957915E-13  1.0740474E-12  1.2993464E-09  3.7184209E-11 -3.3990601E-11  1.3709834E-09\n       -3.0321821E-12  1.0278411E-13  3.7184209E-11  1.4251534E-11  2.1998057E-12 -8.6358955E-11\n       -8.1416669E-11  1.2283936E-11 -3.3990601E-11  2.1998057E-12  3.4636833E-09 -1.3615497E-07\n        3.0742077E-09 -4.8526953E-10  1.3709834E-09 -8.6358955E-11 -1.3615497E-07  5.3574149E-06\n    Will not print any more singular sigma matrices for this track...\nTotal number of lost particles by the end of universe  1:  2246.\n\nTao: set ele CE11 x1_limit = 0.0015\n2246 particle(s) lost at element 262: CE11  Total lost: 2246  of 6000\n[ERROR | 2021-AUG-24 18:11:28] calc_emittances_and_twiss_from_sigma_matrix:\n    CANNOT NORMALIZE EIGENVECTORS.\n[WARNING] tao_beam_track:\n    Beam parameters not computed at: K22_2A#3  (421)\n    [This will happen with round beams. Ignore this problem if the beam parameters at problem locations are not needed.]\n    The singular sigma matrix is:\n        5.4754829E-09 -2.9038668E-10  7.2558118E-13 -3.0310480E-12 -8.1385010E-11  3.0730682E-09\n       -2.9038668E-10  1.8680104E-11  1.0736248E-12  1.0274969E-13  1.2282885E-11 -4.8523098E-10\n        7.2558118E-13  1.0736248E-12  1.2993463E-09  3.7184209E-11 -3.3990075E-11  1.3710300E-09\n       -3.0310480E-12  1.0274969E-13  3.7184209E-11  1.4251535E-11  2.1997919E-12 -8.6361006E-11\n       -8.1385010E-11  1.2282885E-11 -3.3990075E-11  2.1997919E-12  3.4636854E-09 -1.3615504E-07\n        3.0730682E-09 -4.8523098E-10  1.3710300E-09 -8.6361006E-11 -1.3615504E-07  5.3574168E-06\n    Will not print any more singular sigma matrices for this track...\nTotal number of lost particles by the end of universe  1:  2246."
     ]
    }
   ],
   "source": [
    "%%tao\n",
    "set ele CE11 x2_limit = 0.0035; set ele CE11 x1_limit = 0.0015;"
   ]
  },
  {
   "cell_type": "code",
   "execution_count": 12,
   "id": "5c59d16a-2a27-4e2c-920f-ebf9ed868214",
   "metadata": {},
   "outputs": [
    {
     "ename": "RuntimeError",
     "evalue": "Command: set ele O_L2 phase_deg=-36.71 causes error: ERROR detected: [ERROR | 2021-AUG-19 08:53:05] EIGENSYS:\n    no eigensystem found ; skipping\n[ERROR | 2021-AUG-19 08:53:05] tao_beam_track:\n    Singular sigma matrix is:\n        1.4032555E-09 -2.3173460E-11  1.0010795E-10  2.0008937E-12 -8.5005426E-12 -1.0792039E-09\n       -2.3173460E-11  1.1933877E-12 -1.4922259E-12 -5.8647549E-14  5.9378802E-13 -1.9275889E-11\n        1.0010795E-10 -1.4922259E-12  2.9821942E-09  6.2109138E-11 -2.2634831E-11  1.9709829E-09\n        2.0008937E-12 -5.8647549E-14  6.2109138E-11  1.7592658E-12 -1.0735009E-13  1.3770655E-11\n       -8.5005426E-12  5.9378802E-13 -2.2634831E-11 -1.0735009E-13  3.7292951E-11 -4.3962870E-09\n       -1.0792039E-09 -1.9275889E-11  1.9709829E-09  1.3770655E-11 -4.3962870E-09  9.6741912E-07\n    Will not print any more singular sigma matrices for this track...\nTotal number of lost particles by the end of universe  1:   260.",
     "output_type": "error",
     "traceback": [
      "\u001b[0;31m---------------------------------------------------------------------------\u001b[0m",
      "\u001b[0;31mRuntimeError\u001b[0m                              Traceback (most recent call last)",
      "\u001b[0;32m<ipython-input-12-951ed1e7ebc3>\u001b[0m in \u001b[0;36m<module>\u001b[0;34m\u001b[0m\n\u001b[0;32m----> 1\u001b[0;31m \u001b[0msetLinac\u001b[0m\u001b[0;34m(\u001b[0m \u001b[0;34m-\u001b[0m\u001b[0;36m23.37\u001b[0m  \u001b[0;34m,\u001b[0m \u001b[0;34m-\u001b[0m\u001b[0;36m144.0\u001b[0m  \u001b[0;34m,\u001b[0m \u001b[0;34m-\u001b[0m\u001b[0;36m36.71\u001b[0m\u001b[0;34m)\u001b[0m\u001b[0;34m\u001b[0m\u001b[0;34m\u001b[0m\u001b[0m\n\u001b[0m",
      "\u001b[0;32m<ipython-input-5-d227cf5f2bb2>\u001b[0m in \u001b[0;36msetLinac\u001b[0;34m(l1_phase, l1x_phase, l2_phase)\u001b[0m\n\u001b[1;32m      3\u001b[0m     \u001b[0mtao\u001b[0m\u001b[0;34m.\u001b[0m\u001b[0mcmd\u001b[0m\u001b[0;34m(\u001b[0m\u001b[0;34mf'set ele O_L1 phase_deg={l1_phase}'\u001b[0m\u001b[0;34m)\u001b[0m\u001b[0;34m\u001b[0m\u001b[0;34m\u001b[0m\u001b[0m\n\u001b[1;32m      4\u001b[0m     \u001b[0mtao\u001b[0m\u001b[0;34m.\u001b[0m\u001b[0mcmd\u001b[0m\u001b[0;34m(\u001b[0m\u001b[0;34mf'set ele K21_2 phase_deg={l1x_phase}'\u001b[0m\u001b[0;34m)\u001b[0m\u001b[0;34m\u001b[0m\u001b[0;34m\u001b[0m\u001b[0m\n\u001b[0;32m----> 5\u001b[0;31m     \u001b[0mtao\u001b[0m\u001b[0;34m.\u001b[0m\u001b[0mcmd\u001b[0m\u001b[0;34m(\u001b[0m\u001b[0;34mf'set ele O_L2 phase_deg={l2_phase}'\u001b[0m\u001b[0;34m)\u001b[0m\u001b[0;34m\u001b[0m\u001b[0;34m\u001b[0m\u001b[0m\n\u001b[0m",
      "\u001b[0;32m~/sw/conda/envs/felsim/lib/python3.7/site-packages/pytao/tao_ctypes/core.py\u001b[0m in \u001b[0;36mcmd\u001b[0;34m(self, cmd, raises)\u001b[0m\n\u001b[1;32m    146\u001b[0m         \u001b[0merr\u001b[0m \u001b[0;34m=\u001b[0m \u001b[0merror_in_lines\u001b[0m\u001b[0;34m(\u001b[0m\u001b[0mlines\u001b[0m\u001b[0;34m)\u001b[0m\u001b[0;34m\u001b[0m\u001b[0;34m\u001b[0m\u001b[0m\n\u001b[1;32m    147\u001b[0m         \u001b[0;32mif\u001b[0m \u001b[0merr\u001b[0m\u001b[0;34m:\u001b[0m\u001b[0;34m\u001b[0m\u001b[0;34m\u001b[0m\u001b[0m\n\u001b[0;32m--> 148\u001b[0;31m             \u001b[0;32mraise\u001b[0m \u001b[0mRuntimeError\u001b[0m\u001b[0;34m(\u001b[0m\u001b[0;34mf'Command: {cmd} causes error: {err}'\u001b[0m\u001b[0;34m)\u001b[0m\u001b[0;34m\u001b[0m\u001b[0;34m\u001b[0m\u001b[0m\n\u001b[0m\u001b[1;32m    149\u001b[0m \u001b[0;34m\u001b[0m\u001b[0m\n\u001b[1;32m    150\u001b[0m         \u001b[0;32mreturn\u001b[0m \u001b[0mlines\u001b[0m\u001b[0;34m\u001b[0m\u001b[0;34m\u001b[0m\u001b[0m\n",
      "\u001b[0;31mRuntimeError\u001b[0m: Command: set ele O_L2 phase_deg=-36.71 causes error: ERROR detected: [ERROR | 2021-AUG-19 08:53:05] EIGENSYS:\n    no eigensystem found ; skipping\n[ERROR | 2021-AUG-19 08:53:05] tao_beam_track:\n    Singular sigma matrix is:\n        1.4032555E-09 -2.3173460E-11  1.0010795E-10  2.0008937E-12 -8.5005426E-12 -1.0792039E-09\n       -2.3173460E-11  1.1933877E-12 -1.4922259E-12 -5.8647549E-14  5.9378802E-13 -1.9275889E-11\n        1.0010795E-10 -1.4922259E-12  2.9821942E-09  6.2109138E-11 -2.2634831E-11  1.9709829E-09\n        2.0008937E-12 -5.8647549E-14  6.2109138E-11  1.7592658E-12 -1.0735009E-13  1.3770655E-11\n       -8.5005426E-12  5.9378802E-13 -2.2634831E-11 -1.0735009E-13  3.7292951E-11 -4.3962870E-09\n       -1.0792039E-09 -1.9275889E-11  1.9709829E-09  1.3770655E-11 -4.3962870E-09  9.6741912E-07\n    Will not print any more singular sigma matrices for this track...\nTotal number of lost particles by the end of universe  1:   260."
     ]
    }
   ],
   "source": [
    "setLinac( -21.5, -160.0, -33.5) #-23.37  , -144.0  , -36.71)"
   ]
  },
  {
   "cell_type": "code",
   "execution_count": 21,
   "id": "7a487e68-e8c3-475c-90bd-1046189c5e3a",
   "metadata": {},
   "outputs": [],
   "source": [
    "# write beam at each marker in undulator\n",
    "#timestamp = '07-07_10-30'\n",
    "\n",
    "timestamp = 'test'\n",
    "#timestamp = timestamp = (datetime.datetime.now()).strftime(\"%m-%d_%H-%M\")"
   ]
  },
  {
   "cell_type": "code",
   "execution_count": 26,
   "id": "3c1d7487-1234-4211-b2fd-1409c5d087e3",
   "metadata": {},
   "outputs": [],
   "source": [
    "# need to log settings for bmad somewhere here?\n",
    "\n",
    "for i,marker in enumerate(markers):\n",
    "    tao.cmd(f'write beam -at {marker} ./beam_undulator_data/lcls_beam_{i}_{marker}_{timestamp}.h5')"
   ]
  },
  {
   "cell_type": "markdown",
   "id": "3e214ea1-28c0-4da2-a05e-72e724afc7ea",
   "metadata": {},
   "source": [
    "# Import data and slice beam bunches "
   ]
  },
  {
   "cell_type": "code",
   "execution_count": 38,
   "id": "73c009b8",
   "metadata": {},
   "outputs": [],
   "source": [
    "# create ParticleGroup from bmad h5 particle data\n",
    "directory = './beam_undulator_data/'\n",
    "\n",
    "# Beam data along undulator\n",
    "P_data= {}\n",
    "\n",
    "for i,marker in enumerate(markers):\n",
    "    filename = f'lcls_beam_{i}_{marker}_{timestamp}.h5'\n",
    "    P_data[f'{marker}'] = ParticleGroup(directory+filename)   \n",
    "        \n",
    "# collimation loses some particles, take only alive particles here\n",
    "for beam in P_data:\n",
    "    P_data[beam] = P_data[beam].where(P_data[beam].status==1) # status 1 is alive\n",
    "    n_part_alive = P_data[beam].n_alive\n"
   ]
  },
  {
   "cell_type": "code",
   "execution_count": 39,
   "id": "40157ca6-7783-40cd-8ee7-581a888dfe2c",
   "metadata": {},
   "outputs": [
    {
     "data": {
